-0.19355530864197532,0.45,0.08727246913580247
-0.18710913580246916,0.45,0.09951308641975308
-0.18066000000000002,0.45,0.11169
-0.17420641975308643,0.45,0.12377135802469136
-0.1677469135802469,0.45,0.1357253086419753
-0.16128,0.45,0.14751999999999998
-0.15480419753086422,0.45,0.15912358024691356
-0.14831802469135802,0.45,0.1705041975308642
-0.14182,0.45,0.18162999999999999
-0.13530864197530865,0.45,0.1924691358024691
-0.12878246913580246,0.45,0.20298975308641976
-0.12224,0.45,0.21315999999999996
-0.11567975308641974,0.45,0.222948024691358
-0.10910024691358025,0.45,0.23232197530864196
-0.10250000000000001,0.45,0.24124999999999996
-0.09587753086419752,0.45,0.24970024691358023
-0.08923135802469134,0.45,0.25764086419753085
-0.08256,0.45,0.26504
-0.07586197530864197,0.45,0.2718658024691358
-0.06913580246913578,0.45,0.2780864197530864
-0.06237999999999999,0.45,0.28367
-0.05559308641975308,0.45,0.28858469135802467
-0.048773580246913556,0.45,0.2927986419753086
-0.041919999999999985,0.45,0.29627999999999993
-0.03503086419753082,0.45,0.2989969135802469
-0.028104691358024653,0.45,0.3009175308641975
-0.021139999999999992,0.45,0.30200999999999995
-0.014135308641975292,0.45,0.30224246913580244
-0.007089135802469115,0.45,0.30158308641975307
2.7755575615628914e-17,0.45,0.3
0.0071320987654320996,0.45,0.29747654320987654
0.014301234567901236,0.45,0.29405679012345676
0.021500000000000005,0.45,0.2898
0.02872098765432099,0.45,0.2847654320987654
0.035956790123456796,0.45,0.27901234567901234
0.0432,0.45,0.2726
0.05044320987654321,0.45,0.26558765432098763
0.05767901234567902,0.45,0.2580345679012346
0.06490000000000001,0.45,0.25
0.07209876543209877,0.45,0.2415432098765432
0.07926790123456791,0.45,0.23272345679012346
0.0864,0.45,0.22360000000000002
0.09348765432098767,0.45,0.21423209876543212
0.10052345679012346,0.45,0.20467901234567903
0.10750000000000001,0.45,0.195
0.1144098765432099,0.45,0.18525432098765435
0.1212456790123457,0.45,0.1755012345679013
0.12800000000000003,0.45,0.1658
0.13466543209876547,0.45,0.1562098765432099
0.1412345679012346,0.45,0.14679012345679018
0.14770000000000005,0.45,0.13760000000000006
0.15405432098765437,0.45,0.12869876543209885
0.16029012345679017,0.45,0.12014567901234571
0.16640000000000005,0.45,0.11200000000000007
0.1723765432098766,0.45,0.10432098765432102
0.1782123456790124,0.45,0.09716790123456798
0.18390000000000006,0.45,0.0906000000000001
0.18943209876543216,0.45,0.08467654320987661
0.1948012345679013,0.45,0.07945679012345688
0.20000000000000004,0.45,0.0750000000000001
0.2050232098765432,0.45,0.07135098765432099
0.20987456790123457,0.45,0.06849679012345679
0.21456,0.45,0.06641
0.21908543209876544,0.45,0.06506320987654321
0.2234567901234568,0.45,0.06442901234567902
0.22768,0.45,0.06448000000000001
0.231760987654321,0.45,0.06518876543209878
0.23570567901234568,0.45,0.06652790123456792
0.23951999999999998,0.45,0.06847000000000002
0.24320987654320986,0.45,0.07098765432098766
0.24678123456790121,0.45,0.07405345679012347
0.25023999999999996,0.45,0.07764000000000001
0.2535920987654321,0.45,0.08171987654320989
0.25684345679012344,0.45,0.0862656790123457
0.25999999999999995,0.45,0.09125000000000003
0.2630676543209876,0.45,0.09664543209876547
0.2660523456790123,0.45,0.10242456790123461
0.26896,0.45,0.10856000000000006
0.27179654320987645,0.45,0.11502432098765436
0.27456790123456787,0.45,0.12179012345679016
0.2772799999999999,0.45,0.12883000000000006
0.2799387654320987,0.45,0.1361165432098766
0.28255012345679004,0.45,0.14362234567901244
0.28511999999999993,0.45,0.15132000000000007
0.2876543209876542,0.45,0.1591820987654322
0.2901590123456789,0.45,0.1671812345679013
0.2926399999999999,0.45,0.17529000000000008
0.2951032098765431,0.45,0.18348098765432114
0.29755456790123447,0.45,0.1917267901234569
0.2999999999999998,0.45,0.20000000000000012