0.5456619199545218,0.013861729523743512,0
0.7843043336076045,0.027695957213388397,0
0.9729438822497347,0.041475237925366476,0
1.1357799009815714,0.05517224160223419,0
1.282095648306394,0.06875981516624535,0
1.416590803535704,0.08221104988598182,0
1.5420095936292055,0.09549935648109875,0
1.6601003573939097,0.10859855064973768,0
1.7720429564807638,0.12148295228395128,0
1.8786655762581677,0.13412750242502314,0
1.9805654649777704,0.1465079030633898,0
2.0781812127463746,0.15860078628767155,0
2.171838711630388,0.17038392113905018,0
2.261782048394325,0.18183646896273167,0
2.348195492446436,0.19293930122345343,0
2.431220199460234,0.20367539783046704,0
2.510967920201551,0.2140303491226154,0
2.58753328903913,0.22399299076612514,0
2.661005881092596,0.2335562074903086,0
2.73148301859309,0.24271794752483783,0
2.7990841770832096,0.25148249174434545,0
2.8639677006527458,0.2598620136334739,0
2.9263502702599817,0.2678784370408485,0
2.9865290282200587,0.2755655311535134,0
3.04490527524363,0.2829710568949711,0
3.1020071580059683,0.2901585906134397,0
3.158507072916018,0.2972084427058757,0
3.215228657307092,0.304216990552633,0
3.2731398326583228,0.31129394874456967,0
3.333333333333336,0.3185576949569766,0
3.396930473942935,0.32612305462929214,0
3.4647340707955196,0.3340660527613782,0
3.5372926070274766,0.34242921519562153,0
3.6149899572212925,0.351232029328386,0
3.6980790735541653,0.36047620807641434,0
3.786708537724526,0.3701500008394831,0
3.88094124788871,0.3802315226113991,0
3.9807661020089986,0.3906912526192248,0
4.0861039564921064,0.4014938885967724,0
4.196809099819392,0.4125997214308545,0
4.312667339545108,0.42396565969655237,0
4.433391701462305,0.4355460006501309,0
4.558616724206389,0.44729301802963767,0
4.687892395508118,0.4591574175731446,0
4.820678884945572,0.47108869726758984,0
4.956343328955111,0.4830354396375448,0
5.094159947807838,0.4949455567699753,0
5.233314647297911,0.5067665044538842,0
5.372914922492429,0.518445479279601,0
5.512005324534565,0.5299296115237192,0
5.649588032296957,0.5411661671069391,0
5.784647324260554,0.5521027740783422,0
5.916176160837434,0.5626876935271545,0
6.043202850904063,0.5728701626749317,0
6.164816014020205,0.582600851208875,0
6.280186791522359,0.5918324943880293,0
6.388588460495219,0.6005208048280452,0
6.489415224867276,0.608625831484075,0
6.582204084933417,0.6161140516697096,0
6.66666666666667,0.6229616892347773,0
6.742893188147713,0.6291703870501585,0
6.811768211258707,0.63479907412877,0
6.874402742011191,0.6399282033893267,0
6.9320005028622615,0.6446497899147625,0
6.985869707316046,0.6490669131288225,0
7.0373964925857635,0.6532904307862054,0
7.087976444524971,0.6574325086068721,0
7.138921355289442,0.6615983068025999,0
7.191375447497499,0.6658785862574431,0
7.2462698313677185,0.6703455507954844,0
7.304320638674473,0.6750523270723311,0
7.366057298383007,0.6800349318640633,0
7.431863551542981,0.6853152688553021,0
7.502019307591458,0.6909041550675207,0
7.576738062814386,0.6968039195326319,0
7.656198925589762,0.7030104637051535,0
7.740574404468531,0.7095148309400233,0
7.830056007525605,0.7163043803130612,0
7.924880196235611,0.7233636595406399,0
8.025357881793473,0.7306750553275184,0
8.131911920082976,0.7382192810304713,0
8.245129652113338,0.7459757457904197,0
8.365842900484672,0.7539228371727309,0
8.495259469223653,0.762038140462982,0
8.635197536551106,0.7702986113857487,0
8.78854634246219,0.7786807144861232,0
8.960299333620144,0.7871605362161889,0
9.16038294890708,0.7957138795186139,0
9.414777244979437,0.8043163451259397,0
9.999999999999996,0.8129434037098955,0